14 14 14 13 15 13 13 15 14 15 15 1 0 0 0 0 1 0 0 1 0 0 0 1 0 1 0 0 0 1 8 14 14 14 13 13 15 13 13 14 14 13 14 14 14 14 14 13 14 15 8 9 8 13 14 7 6 6 6 6 7 8 6 7 0 1 0 0 12 12 12 11 13 12 13 11 12 11 12 13 12 11 3 2 11 12 10 11 10 11 11 9 10 10 6 7 6 6 6 5 6 0 1 1 7 8 8 8 9 12 11 13 13 13 8 8 9 8 9 8 2 3 3 1 2 12 13 12 12 13 10 10 10 10 11 10 11 10 9 9 9 11 11 10 9 10 1 2 0 0 3 4 3 4 3 2 3 4 2 3 4 4 2 4 4 4 2 2 2 4 3 3 3 3 4 3 4 2 4 3 2 10 11 10 9 10 9 11 9 3 4 4 4 2 3 14 15 14 15 15 15 15 14 5 11 12 2 3 1 3 2 1 2 2 3 3 1 10 10 11 9 9 10 10 11 10 9 9 9 9 11 9 9 9 4 13 8 6 6 7 5 6 6 5 6 6 7 6 5 5 7 5 5 4 4 6 7 5 4 3 14 13 13 15 13 13 14 14 13 6 6 7 5 7 7 4 5 4 5 3 5 5 4 3 4 4 5 4 3 3 5 13 12 12 13 14 13 12 10 11 11 9 1 2 3 3 4 12 13 12 12 1 2 1 0 1 1 0 2 0 2 11 12 12 12 11 11 13 12 5 6 5 5 5 1 0 1 0 0 4 4 5 8 8 7 9 7 7 1 0 2 2 1 1 0 8 7 9 7 8 8 9 8 7 7 7 8 10 11 9 14 13 15 2 3 3 1 7 7 6 6 0 1 0 1 0 0 1 1 0 11 10 0 0 12 8 8 7 14 15 14 11 11 10 12 10 11 10 10 11 10 12 11 14 11 12 10 10 2 3 10 11 11 11 11 11 10 9 11 11 11 10 9 9 11 4 7 6 11 11 10 12 12 5 6 5 5 7 0 1 1 1 5 4 4 5 4 4 12 11 11 13 12 11 12 10 11 9 13 13 14 12 13 13 12 13 13 13 13 0 0 0 1 5 7 8 8 7 6 6 7 7 12 12 12 13 12 13 13 11 13 12 13 11 11 12 11 3 3 3 2 2 2 14 13 14 15 13 13 14 15 14 14 14 13 15 14 15 13 13 13 14 14 14 13 12 13 11 11 14 9 11 10 10 12 11 10 5 13 13 14 12 12 5 4 6 7 6 0 1 0 1 4 4 0 0 12 5 4 5 5 5 4 2 2 3 1 1 1 7 8 8 8 6 8 9 7 7 8 7 7 9 8 9 8 14 15 14 12 11 11 12 13 13 12 12 12 11 2 3 3 9 8 3 14 14 13 10 10 9 9 11 9 4 3 3 1 2 1 0 2 14 13 14 15 14 13 5 7 8 6 6 8 7 8 8 8 8 6 8 7 8 8 7 9 9 8 7 8 7 8 7 7 9 9 9 8 9 4 5 4 5 4 3 3 4 4 8 7 9 7 7 2 1 4 4 3 11 12 10 10 10 12 11 12 13 1 1 2 1 1 5 6 1 0 2 2 0 0 0 1 0 1 1 1 0 0 1 0 0 0 0 0 4 9 13 14 5 6 7 5 6 5 5 13 13 13 14 14 12 14 14 14 0 12 13 11 12 5 4 6 4 6 9 9 10 8 8 9 8 9 8 8 10 10 3 5 5 6 5 6 4 5 5 5 6 4 4 6 6 5 4 10 8 9 14 15 15 3 3 3 2 4 4 4 1 1 1 10 11 3 4 1 0 1 2 0 0 0 10 9 2 3 2 3 1 1 1 2 2 0 13 12 14 14 12 0 1 1 0 0 13 12 14 13 13 13 14 13 13 14 13 13 14 14 13 14 13 12 12 2 5 4 4 6 6 5 5 6 4 5 6 4 14 15 12 12 12 8 7 7 9 8 9 7 7 8 7 9 9 10 11 12 11 10 12 12 12 12 10 12 11 6 7 6 6 5 7 5 7 5 5 6 6 7 6 0 1 1 0 0 1 0 0 1 1 8 9 7 7 7 7 5 4 4 6 4 5 6 7 7 9 7 11 10 4 4 3 5 3 1 4 4 3 3 4 3 3 4 12 12 11 11 12 11 12 6 9 10 2 2 1 1 3 5 6 7 7 6 7 6 9 8 9 8 8 2 1 1 2 3 4 4 12 13 11 11 13 12 0 0 1 0 2 3 2 1 2 1 2 
z pliku
ilosc ramek: 5  ilosc odwolan: 1000  zakres odwolan: 15
algorytm optymalny
liczba bledow stron 206

algorytm lru
liczba bledow stron 324

algorytm aproksymowany
liczba bledow stron 324

algorytm fifo
liczba bledow stron 325

algorytm fifowithtimer
liczba bledow stron 325
algorytm rand
liczba bledow stron 332




14 14 14 13 15 13 13 15 14 15 15 1 0 0 0 0 1 0 0 1 0 0 0 1 0 1 0 0 0 1 8 14 14 14 13 13 15 13 13 14 14 13 14 14 14 14 14 13 14 15 8 9 8 13 14 7 6 6 6 6 7 8 6 7 0 1 0 0 12 12 12 11 13 12 13 11 12 11 12 13 12 11 3 2 11 12 10 11 10 11 11 9 10 10 6 7 6 6 6 5 6 0 1 1 7 8 8 8 9 12 11 13 13 13 8 8 9 8 9 8 2 3 3 1 2 12 13 12 12 13 10 10 10 10 11 10 11 10 9 9 9 11 11 10 9 10 1 2 0 0 3 4 3 4 3 2 3 4 2 3 4 4 2 4 4 4 2 2 2 4 3 3 3 3 4 3 4 2 4 3 2 10 11 10 9 10 9 11 9 3 4 4 4 2 3 14 15 14 15 15 15 15 14 5 11 12 2 3 1 3 2 1 2 2 3 3 1 10 10 11 9 9 10 10 11 10 9 9 9 9 11 9 9 9 4 13 8 6 6 7 5 6 6 5 6 6 7 6 5 5 7 5 5 4 4 6 7 5 4 3 14 13 13 15 13 13 14 14 13 6 6 7 5 7 7 4 5 4 5 3 5 5 4 3 4 4 5 4 3 3 5 13 12 12 13 14 13 12 10 11 11 9 1 2 3 3 4 12 13 12 12 1 2 1 0 1 1 0 2 0 2 11 12 12 12 11 11 13 12 5 6 5 5 5 1 0 1 0 0 4 4 5 8 8 7 9 7 7 1 0 2 2 1 1 0 8 7 9 7 8 8 9 8 7 7 7 8 10 11 9 14 13 15 2 3 3 1 7 7 6 6 0 1 0 1 0 0 1 1 0 11 10 0 0 12 8 8 7 14 15 14 11 11 10 12 10 11 10 10 11 10 12 11 14 11 12 10 10 2 3 10 11 11 11 11 11 10 9 11 11 11 10 9 9 11 4 7 6 11 11 10 12 12 5 6 5 5 7 0 1 1 1 5 4 4 5 4 4 12 11 11 13 12 11 12 10 11 9 13 13 14 12 13 13 12 13 13 13 13 0 0 0 1 5 7 8 8 7 6 6 7 7 12 12 12 13 12 13 13 11 13 12 13 11 11 12 11 3 3 3 2 2 2 14 13 14 15 13 13 14 15 14 14 14 13 15 14 15 13 13 13 14 14 14 13 12 13 11 11 14 9 11 10 10 12 11 10 5 13 13 14 12 12 5 4 6 7 6 0 1 0 1 4 4 0 0 12 5 4 5 5 5 4 2 2 3 1 1 1 7 8 8 8 6 8 9 7 7 8 7 7 9 8 9 8 14 15 14 12 11 11 12 13 13 12 12 12 11 2 3 3 9 8 3 14 14 13 10 10 9 9 11 9 4 3 3 1 2 1 0 2 14 13 14 15 14 13 5 7 8 6 6 8 7 8 8 8 8 6 8 7 8 8 7 9 9 8 7 8 7 8 7 7 9 9 9 8 9 4 5 4 5 4 3 3 4 4 8 7 9 7 7 2 1 4 4 3 11 12 10 10 10 12 11 12 13 1 1 2 1 1 5 6 1 0 2 2 0 0 0 1 0 1 1 1 0 0 1 0 0 0 0 0 4 9 13 14 5 6 7 5 6 5 5 13 13 13 14 14 12 14 14 14 0 12 13 11 12 5 4 6 4 6 9 9 10 8 8 9 8 9 8 8 10 10 3 5 5 6 5 6 4 5 5 5 6 4 4 6 6 5 4 10 8 9 14 15 15 3 3 3 2 4 4 4 1 1 1 10 11 3 4 1 0 1 2 0 0 0 10 9 2 3 2 3 1 1 1 2 2 0 13 12 14 14 12 0 1 1 0 0 13 12 14 13 13 13 14 13 13 14 13 13 14 14 13 14 13 12 12 2 5 4 4 6 6 5 5 6 4 5 6 4 14 15 12 12 12 8 7 7 9 8 9 7 7 8 7 9 9 10 11 12 11 10 12 12 12 12 10 12 11 6 7 6 6 5 7 5 7 5 5 6 6 7 6 0 1 1 0 0 1 0 0 1 1 8 9 7 7 7 7 5 4 4 6 4 5 6 7 7 9 7 11 10 4 4 3 5 3 1 4 4 3 3 4 3 3 4 12 12 11 11 12 11 12 6 9 10 2 2 1 1 3 5 6 7 7 6 7 6 9 8 9 8 8 2 1 1 2 3 4 4 12 13 11 11 13 12 0 0 1 0 2 3 2 1 2 1 2 
z pliku
ilosc ramek: 4  ilosc odwolan: 1000  zakres odwolan: 15
algorytm optymalny
liczba bledow stron 251

algorytm lru
liczba bledow stron 349

algorytm aproksymowany
liczba bledow stron 349

algorytm fifo
liczba bledow stron 359

algorytm fifowithtimer
liczba bledow stron 359
algorytm rand
liczba bledow stron 394



14 14 14 13 15 13 13 15 14 15 15 1 0 0 0 0 1 0 0 1 0 0 0 1 0 1 0 0 0 1 8 14 14 14 13 13 15 13 13 14 14 13 14 14 14 14 14 13 14 15 8 9 8 13 14 7 6 6 6 6 7 8 6 7 0 1 0 0 12 12 12 11 13 12 13 11 12 11 12 13 12 11 3 2 11 12 10 11 10 11 11 9 10 10 6 7 6 6 6 5 6 0 1 1 7 8 8 8 9 12 11 13 13 13 8 8 9 8 9 8 2 3 3 1 2 12 13 12 12 13 10 10 10 10 11 10 11 10 9 9 9 11 11 10 9 10 1 2 0 0 3 4 3 4 3 2 3 4 2 3 4 4 2 4 4 4 2 2 2 4 3 3 3 3 4 3 4 2 4 3 2 10 11 10 9 10 9 11 9 3 4 4 4 2 3 14 15 14 15 15 15 15 14 5 11 12 2 3 1 3 2 1 2 2 3 3 1 10 10 11 9 9 10 10 11 10 9 9 9 9 11 9 9 9 4 13 8 6 6 7 5 6 6 5 6 6 7 6 5 5 7 5 5 4 4 6 7 5 4 3 14 13 13 15 13 13 14 14 13 6 6 7 5 7 7 4 5 4 5 3 5 5 4 3 4 4 5 4 3 3 5 13 12 12 13 14 13 12 10 11 11 9 1 2 3 3 4 12 13 12 12 1 2 1 0 1 1 0 2 0 2 11 12 12 12 11 11 13 12 5 6 5 5 5 1 0 1 0 0 4 4 5 8 8 7 9 7 7 1 0 2 2 1 1 0 8 7 9 7 8 8 9 8 7 7 7 8 10 11 9 14 13 15 2 3 3 1 7 7 6 6 0 1 0 1 0 0 1 1 0 11 10 0 0 12 8 8 7 14 15 14 11 11 10 12 10 11 10 10 11 10 12 11 14 11 12 10 10 2 3 10 11 11 11 11 11 10 9 11 11 11 10 9 9 11 4 7 6 11 11 10 12 12 5 6 5 5 7 0 1 1 1 5 4 4 5 4 4 12 11 11 13 12 11 12 10 11 9 13 13 14 12 13 13 12 13 13 13 13 0 0 0 1 5 7 8 8 7 6 6 7 7 12 12 12 13 12 13 13 11 13 12 13 11 11 12 11 3 3 3 2 2 2 14 13 14 15 13 13 14 15 14 14 14 13 15 14 15 13 13 13 14 14 14 13 12 13 11 11 14 9 11 10 10 12 11 10 5 13 13 14 12 12 5 4 6 7 6 0 1 0 1 4 4 0 0 12 5 4 5 5 5 4 2 2 3 1 1 1 7 8 8 8 6 8 9 7 7 8 7 7 9 8 9 8 14 15 14 12 11 11 12 13 13 12 12 12 11 2 3 3 9 8 3 14 14 13 10 10 9 9 11 9 4 3 3 1 2 1 0 2 14 13 14 15 14 13 5 7 8 6 6 8 7 8 8 8 8 6 8 7 8 8 7 9 9 8 7 8 7 8 7 7 9 9 9 8 9 4 5 4 5 4 3 3 4 4 8 7 9 7 7 2 1 4 4 3 11 12 10 10 10 12 11 12 13 1 1 2 1 1 5 6 1 0 2 2 0 0 0 1 0 1 1 1 0 0 1 0 0 0 0 0 4 9 13 14 5 6 7 5 6 5 5 13 13 13 14 14 12 14 14 14 0 12 13 11 12 5 4 6 4 6 9 9 10 8 8 9 8 9 8 8 10 10 3 5 5 6 5 6 4 5 5 5 6 4 4 6 6 5 4 10 8 9 14 15 15 3 3 3 2 4 4 4 1 1 1 10 11 3 4 1 0 1 2 0 0 0 10 9 2 3 2 3 1 1 1 2 2 0 13 12 14 14 12 0 1 1 0 0 13 12 14 13 13 13 14 13 13 14 13 13 14 14 13 14 13 12 12 2 5 4 4 6 6 5 5 6 4 5 6 4 14 15 12 12 12 8 7 7 9 8 9 7 7 8 7 9 9 10 11 12 11 10 12 12 12 12 10 12 11 6 7 6 6 5 7 5 7 5 5 6 6 7 6 0 1 1 0 0 1 0 0 1 1 8 9 7 7 7 7 5 4 4 6 4 5 6 7 7 9 7 11 10 4 4 3 5 3 1 4 4 3 3 4 3 3 4 12 12 11 11 12 11 12 6 9 10 2 2 1 1 3 5 6 7 7 6 7 6 9 8 9 8 8 2 1 1 2 3 4 4 12 13 11 11 13 12 0 0 1 0 2 3 2 1 2 1 2 
z pliku
ilosc ramek: 3  ilosc odwolan: 1000  zakres odwolan: 15
algorytm optymalny
liczba bledow stron 312

algorytm lru
liczba bledow stron 373

algorytm aproksymowany
liczba bledow stron 373

algorytm fifo
liczba bledow stron 381

algorytm fifowithtimer
liczba bledow stron 381
algorytm rand
liczba bledow stron 427
